1000 1000
200
80 81
81 79
81 81
82 80
82 81
85 86
86 84
86 86
87 85
87 86
90 91
91 89
91 91
92 90
92 91
95 96
96 94
96 96
97 95
97 96
100 101
101 99
101 101
102 100
102 101
105 106
106 104
106 106
107 105
107 106
110 111
111 109
111 111
112 110
112 111
115 116
116 114
116 116
117 115
117 116
120 121
121 119
121 121
122 120
122 121
125 126
126 124
126 126
127 125
127 126
130 131
131 129
131 131
132 130
132 131
135 136
136 134
136 136
137 135
137 136
140 141
141 139
141 141
142 140
142 141
145 146
146 144
146 146
147 145
147 146
150 151
151 149
151 151
152 150
152 151
155 156
156 154
156 156
157 155
157 156
160 161
161 159
161 161
162 160
162 161
165 166
166 164
166 166
167 165
167 166
170 171
171 169
171 171
172 170
172 171
175 176
176 174
176 176
177 175
177 176
180 181
181 179
181 181
182 180
182 181
185 186
186 184
186 186
187 185
187 186
190 191
191 189
191 191
192 190
192 191
195 196
196 194
196 196
197 195
197 196
200 201
201 199
201 201
202 200
202 201
205 206
206 204
206 206
207 205
207 206
210 211
211 209
211 211
212 210
212 211
215 216
216 214
216 216
217 215
217 216
220 221
221 219
221 221
222 220
222 221
225 226
226 224
226 226
227 225
227 226
230 231
231 229
231 231
232 230
232 231
235 236
236 234
236 236
237 235
237 236
240 241
241 239
241 241
242 240
242 241
245 246
246 244
246 246
247 245
247 246
250 251
251 249
251 251
252 250
252 251
255 256
256 254
256 256
257 255
257 256
260 261
261 259
261 261
262 260
262 261
265 266
266 264
266 266
267 265
267 266
270 271
271 269
271 271
272 270
272 271
275 276
276 274
276 276
277 275
277 276
280 281
281 279
281 281
282 280
282 281
285 286
286 284
286 286
287 285
287 286
290 291
291 289
291 291
292 290
292 291
295 296
296 294
296 296
297 295
297 296
300 301
301 299
301 301
302 300
302 301
305 306
306 304
306 306
307 305
307 306
310 311
311 309
311 311
312 310
312 311
315 316
316 314
316 316
317 315
317 316
320 321
321 319
321 321
322 320
322 321
325 326
326 324
326 326
327 325
327 326
330 331
331 329
331 331
332 330
332 331
335 336
336 334
336 336
337 335
337 336
340 341
341 339
341 341
342 340
342 341
345 346
346 344
346 346
347 345
347 346
350 351
351 349
351 351
352 350
352 351
355 356
356 354
356 356
357 355
357 356
360 361
361 359
361 361
362 360
362 361
365 366
366 364
366 366
367 365
367 366
370 371
371 369
371 371
372 370
372 371
375 376
376 374
376 376
377 375
377 376
380 381
381 379
381 381
382 380
382 381
385 386
386 384
386 386
387 385
387 386
390 391
391 389
391 391
392 390
392 391
395 396
396 394
396 396
397 395
397 396
400 401
401 399
401 401
402 400
402 401
405 406
406 404
406 406
407 405
407 406
410 411
411 409
411 411
412 410
412 411
415 416
416 414
416 416
417 415
417 416
420 421
421 419
421 421
422 420
422 421
425 426
426 424
426 426
427 425
427 426
430 431
431 429
431 431
432 430
432 431
435 436
436 434
436 436
437 435
437 436
440 441
441 439
441 441
442 440
442 441
445 446
446 444
446 446
447 445
447 446
450 451
451 449
451 451
452 450
452 451
455 456
456 454
456 456
457 455
457 456
460 461
461 459
461 461
462 460
462 461
465 466
466 464
466 466
467 465
467 466
470 471
471 469
471 471
472 470
472 471
475 476
476 474
476 476
477 475
477 476
480 481
481 479
481 481
482 480
482 481
485 486
486 484
486 486
487 485
487 486
490 491
491 489
491 491
492 490
492 491
495 496
496 494
496 496
497 495
497 496
498 498
498 499
499 498
499 499
