1000 1000
200
73 74
74 72
74 74
75 73
75 74
78 79
79 77
79 79
80 78
80 79
83 84
84 82
84 84
85 83
85 84
88 89
89 87
89 89
90 88
90 89
93 94
94 92
94 94
95 93
95 94
98 99
99 97
99 99
100 98
100 99
103 104
104 102
104 104
105 103
105 104
108 109
109 107
109 109
110 108
110 109
113 114
114 112
114 114
115 113
115 114
118 119
119 117
119 119
120 118
120 119
123 124
124 122
124 124
125 123
125 124
128 129
129 127
129 129
130 128
130 129
133 134
134 132
134 134
135 133
135 134
138 139
139 137
139 139
140 138
140 139
143 144
144 142
144 144
145 143
145 144
148 149
149 147
149 149
150 148
150 149
153 154
154 152
154 154
155 153
155 154
158 159
159 157
159 159
160 158
160 159
163 164
164 162
164 164
165 163
165 164
168 169
169 167
169 169
170 168
170 169
173 174
174 172
174 174
175 173
175 174
178 179
179 177
179 179
180 178
180 179
183 184
184 182
184 184
185 183
185 184
188 189
189 187
189 189
190 188
190 189
193 194
194 192
194 194
195 193
195 194
198 199
199 197
199 199
200 198
200 199
203 204
204 202
204 204
205 203
205 204
208 209
209 207
209 209
210 208
210 209
213 214
214 212
214 214
215 213
215 214
218 219
219 217
219 219
220 218
220 219
223 224
224 222
224 224
225 223
225 224
228 229
229 227
229 229
230 228
230 229
233 234
234 232
234 234
235 233
235 234
238 239
239 237
239 239
240 238
240 239
243 244
244 242
244 244
245 243
245 244
248 249
249 247
249 249
250 248
250 249
253 254
254 252
254 254
255 253
255 254
258 259
259 257
259 259
260 258
260 259
263 264
264 262
264 264
265 263
265 264
268 269
269 267
269 269
270 268
270 269
273 274
274 272
274 274
275 273
275 274
278 279
279 277
279 279
280 278
280 279
283 284
284 282
284 284
285 283
285 284
288 289
289 287
289 289
290 288
290 289
293 294
294 292
294 294
295 293
295 294
298 299
299 297
299 299
300 298
300 299
303 304
304 302
304 304
305 303
305 304
308 309
309 307
309 309
310 308
310 309
313 314
314 312
314 314
315 313
315 314
318 319
319 317
319 319
320 318
320 319
323 324
324 322
324 324
325 323
325 324
328 329
329 327
329 329
330 328
330 329
333 334
334 332
334 334
335 333
335 334
338 339
339 337
339 339
340 338
340 339
343 344
344 342
344 344
345 343
345 344
348 349
349 347
349 349
350 348
350 349
353 354
354 352
354 354
355 353
355 354
358 359
359 357
359 359
360 358
360 359
363 364
364 362
364 364
365 363
365 364
368 369
369 367
369 369
370 368
370 369
373 374
374 372
374 374
375 373
375 374
378 379
379 377
379 379
380 378
380 379
383 384
384 382
384 384
385 383
385 384
388 389
389 387
389 389
390 388
390 389
393 394
394 392
394 394
395 393
395 394
398 399
399 397
399 399
400 398
400 399
403 404
404 402
404 404
405 403
405 404
408 409
409 407
409 409
410 408
410 409
413 414
414 412
414 414
415 413
415 414
418 419
419 417
419 419
420 418
420 419
423 424
424 422
424 424
425 423
425 424
428 429
429 427
429 429
430 428
430 429
433 434
434 432
434 434
435 433
435 434
438 439
439 437
439 439
440 438
440 439
443 444
444 442
444 444
445 443
445 444
448 449
449 447
449 449
450 448
450 449
453 454
454 452
454 454
455 453
455 454
458 459
459 457
459 459
460 458
460 459
463 464
464 462
464 464
465 463
465 464
468 469
469 467
469 469
470 468
470 469
473 474
474 472
474 474
475 473
475 474
478 479
479 477
479 479
480 478
480 479
483 484
484 482
484 484
485 483
485 484
488 489
489 487
489 489
490 488
490 489
493 494
494 492
494 494
495 493
495 494
